-s 80.0 -l 85.0 -S 0.6 -L 0.8  (5 1 2 3 4)
92 88
13 95
482 83
78 105
226 88
46 90
250 601
44 95
30 208
24 100

-s 50.0 -l 60.0 -S 0.6 -L 1.0 (5 1 2 3 4)
113 4
32 457
525 4
145 452
270 417
81 92
195 4
76 447
122 4
41 452

-s 20.0 -l 25.0 -S 0.5 -L 0.7
12 134
77 103
171 133
574 221
104 133
289 116
65 138
256 251
38 133
104 117

with low=20, high=25
-S 0.5 -L 0.7
12 134
77 103
171 133
574 221
104 133
289 116
65 138
256 251
38 133
104 117


with low=50, high=55
-S 0.5 -L 0.7
34 218
127 195
114 280
648 1
58 203
396 1
53 274
269 1
39 290
178 1


34 212
127 199
115 275
645 2
58 203
396 2
53 274
269 2
39 290
178 2


102 14
32 447
525 9
145 442
270 412
81 102
194 4
76 437
122 4
41 442

102 4
32 442
442 432
145 437
386 4
81 102
231 4
76 437
81 4
41 437

112 24
32 442
442 437
145 437
269 24
81 107
231 4
76 432
81 4
41 437

127 199
34 212
645 2
115 275
396 2
58 202
269 2
53 275
178 2
39 290


with low=80, high=85
-S 0.5 -L 0.7
92 83
13 100
482 78
78 105
226 83
46 90
250 606
44 100
30 198
24 100


112 4
29 126
401 4
34 125
275 44
35 129
128 4
8 126
176 523
9 101



with low=30, high=35
-S 0.6 -L 0.8
101 129
114 123
551 129
361 334
380 119
218 414
242 144
181 409
159 124
123 414


with low=50, high=55
-S 0.6 -L 0.8
102 9
32 447
525 4
145 442
270 417
81 97
194 4
76 442
122 4
41 442


with low=80, high=85
-S 0.6 -L 0.8
92 88
13 100
482 83
78 105
226 88
46 90
250 601
44 100
30 208
24 100


